1152
2609
884
1331
2276
2507
1075
2543
2323
250
249
480
1420
2096
2264
1165
2599
2528
2993
2919
2607
2478
1018
32
1728
279
2562
2186
1156
2797
1130
594
2955
2594
1804
1499
2727
1627
632
1792
683
189
984
685
927
1379
1601
1805
1337
2581
2399
1063
139
542
1972
14
2314
3029
1751
265
2380
1280
2657
684
1912
1351
1546
1363
1434
2052
2752
2067
3037
2735
741
938
842
1889
580
1803
1531
1196
1204
1390
1892
2136
1375
155
659
569
431
207
789
602
1052
1628
2131
524
642
2848
2571
942
2587
2167
2685
1962
888
1861
627
1709
1228
317
1142
2254
2715
3057
2731
1890
2261
1151
1497
1725
1342
2975
464
442
2147
1249
2525
2737
1446
1810
18
1307
2761
2321
2891
2886
45
2213
2766
1893
2613
143
2995
714
2165
1324
2083
272
270
305
801
1294
1675
1860
1615
269
1136
2054
2453
2102
1140
1564
2582
1813
3027
328
731
1212
3002
2830
302
2882
1613
2062
1509
1534
2674
2949
1594
737
1935
2046
12
1517
583
49
2639
1859
392
391
1239
323
911
735
2938
757
1897
2906
739
2869
1788
2115
1070
403
3048
1505
1884
752
689
1735
2942
312
1836
749
216
3003
193
2692
3050
1380
987
157
355
2541
311
762
796
501
448
2189
1756
326
509
1047
181
2169
1474
3014
1303
2091
2295
2332
2572
33
887
3063
168
2908
2060
2997
163
2560
1415
389
1188
1682
2627
1002
572
1306
1592
820
2257
1148
1404
1235
1383
307
421
2834
1662
500
834
2824
792
2466
2651
1450
641
2479
985
2089
615
1850
398
1847
2898
303
2464
2808
826
1185
2032
1274
700
171
1218
2221
1663
256
2754
2359
351
1873
865
2162
2784
2822
675
2220
13
2875
2223
2055
768
935
2968
56
2661
1320
3066
712
1558
871
1536
1454
476
55
778
1697
396
2343
1723
1846
2137
2775
1871
2640
2133
1555
487
2348
4
2557
338
1894
334
214
2622
2584
907
2896
53
313
1567
1400
1926
1769
335
266
2318
1461
2250
647
1822
65
1700
640
2233
1027
1182
2864
1654
2393
2419
370
2593
201
