1152
2609
884
1331
2276
2507
1075
2543
2323
250
249
480
1420
2096
2264
1165
2599
2528
2993
2919
2607
2478
1018
32
1728
279
2562
2186
1156
2797
1130
594
2955
2594
1804
1499
2727
1627
632
1792
683
189
984
685
927
1379
1601
1805
1337
2581
2399
1063
139
542
1972
14
2314
3029
1751
265
2380
1280
2657
684
1912
1351
1546
1363
1434
2052
2752
2067
3037
2735
741
938
842
1889
580
1803
1531
1196
1204
1390
1892
2136
1375
155
659
569
431
207
789
602
1052
1628
2131
524
642
2848
2571
942
2587
2167
2685
1962
888
1861
627
1709
1228
317
1142
2254
2715
3057
2731
1890
2261
1151
1497
1725
1342
2975
464
442
2147
1249
2525
2737
1446
1810
18
1307
2761
2321
2891
2886
45
2213
2766
1893
2613
143
2995
714
2165
1324
2083
272
270
305
801
1294
1675
1860
1615
269
1136
2054
2453
2102
1140
1564
2582
1813
3027
328
731
1212
3002
2830
302
2882
1613
2062
1509
1534
2674
2949
1594
737
1935
2046
12
1517
583
49
2639
1859
392
391
1239
323
911
735
2938
757
1897
2906
739
2869
1788
2115
1070
403
3048
1505
1884
752
689
1735
2942
312
1836
749
216
3003
193
2692
3050
1380
987
157
355
2541
311
762
796
501
448
2189
1756
326
509
1047
181
2169
1474
3014
1303
2091
2295
2332
2572
33
887
3063
168
2908
2060
2997
163
2560
1415
389
1188
1682
2627
1002
572
1306
1592
820
2257
1148
1404
1235
1383
307
421
2834
1662
500
834
2824
792
2466
2651
1450
641
2479
985
2089
615
1850
398
1847
2898
303
2464
2808
826
1185
2032
1274
700
171
1218
2221
1663
256
2754
2359
351
1873
865
2162
2784
2822
675
2220
13
2875
2223
2055
768
935
2968
56
2661
1320
3066
712
1558
871
1536
1454
476
55
778
1697
396
2343
1723
1846
2137
2775
1871
2640
2133
1555
487
2348
4
2557
338
1894
334
214
2622
2584
907
2896
53
313
1567
1400
1926
1769
335
266
2318
1461
2250
647
1822
65
1700
640
2233
1027
1182
2864
1654
2393
2419
370
2593
201
671
673
1960
27
1776
2124
2618
2183
1603
11
713
141
2577
369
344
2615
1261
2335
2928
2210
952
1103
1729
2596
860
819
1722
438
2652
1763
1022
953
2534
2021
1491
321
553
1086
2231
2488
723
2310
1561
1800
965
954
2520
2567
3028
2421
2014
1957
748
1091
1901
1589
412
1155
1090
1435
2140
238
1702
175
986
257
2780
254
2200
900
2682
2765
2178
1906
2007
1427
1773
2088
2518
2519
1122
2109
2984
1157
453
136
213
1869
989
1357
2647
709
3061
960
2710
680
275
1177
1882
1487
702
148
970
1549
729
1107
931
2242
2701
2667
1468
2446
2095
1614
59
2868
1659
692
644
3022
862
2554
2246
669
255
3011
1472
2912
596
2113
1270
1540
1259
357
1414
701
852
467
1636
2044
1162
695
2388
1049
1542
1919
2994
2771
2888
1409
1699
2364
153
2043
1848
2414
2605
1089
1920
191
877
1343
3005
288
771
1385
413
2475
2604
674
1488
2252
590
197
540
2741
2846
1571
67
496
1382
1772
1731
1649
2590
972
895
1336
1833
1364
648
1733
536
555
1037
1290
1507
576
1973
1054
2449
759
1907
1774
2146
2837
2803
2576
2443
765
2959
3008
2700
2226
1609
840
2039
443
251
1619
29
2168
322
802
1170
3055
946
2985
1503
948
324
174
2022
2132
1599
2368
2012
1747
2509
131
1256
1593
1061
2452
381
1197
614
549
1035
1436
1657
1625
1232
2155
451
1754
688
187
766
1284
2578
808
506
1121
356
1267
2515
1952
2517
2298
2729
3049
2372
44
1862
1356
289
2721
1582
200
2823
2638
2344
743
2513
1883
2026
2779
66
368
1745
616
109
2394
1811
964
1633
1588
2544
635
813
2753
2831
1506
994
1771
1346
2708
184
1570
2945
2574
849
998
876
978
2881
113
3047
779
1134
298
2291
885
253
1496
1029
2356
482
455
2491
2703
1173
1737
1674
292
2751
1679
1127
1462
2293
296
1174
1936
1423
1305
630
843
694
1538
463
1355
2956
921
993
226
1302
2409
2041
2058
267
698
52
2999
1704
1042
2082
427
2401
917
1071
130
1706
1097
2889
2469
1868
2160
544
458
1539
1492
2620
543
2438
2015
2038
439
2203
2299
308
1838
1622
1044
1844
923
2074
327
918
314
2471
2689
1319
2932
1347
206
1189
1373
2746
111
531
2840
1828
943
2690
41
1176
2842
503
2486
1362
2655
2905
1463
2725
318
1398
2302
2024
2315
2166
687
409
2164
950
910
1669
2870
2340
1138
105
1293
711
1740
2384
882
1521
1040
1789
2558
1746
2426
172
2719
1286
1687
1981
2101
1296
605
3043
2778
1703
2772
592
2600
1119
2084
1717
93
1522
1445
2734
110
2092
1011
1053
534
1006
1719
2317
2462
1272
891
2424
2910
2455
613
961
74
1766
845
782
718
940
1829
394
2080
222
1864
1895
881
3032
2271
2011
1372
1440
2457
521
973
815
1591
1164
2175
245
1932
2970
454
1683
1111
3058
2111
977
1500
1927
2924
2126
2867
2555
547
649
1664
1939
362
1106
2328
1260
1335
502
2698
445
1403
1820
2552
2033
309
1915
89
486
1537
1849
1511
607
2188
2841
2262
2065
115
1003
160
2378
1143
447
1872
462
23
957
3044
734
2793
1965
2228
611
2792
1578
24
974
10
1688
2800
2451
2893
785
3046
1340
423
2796
20
2839
2901
2723
1163
1510
1817
1865
1994
2695
809
1576
1698
2334
220
2709
2532
621
1635
176
1080
1949
2679
1666
668
1082
1610
2484
3059
2794
3000
2821
1281
1344
2311
1407
2437
1667
1854
937
1023
1317
2589
2110
61
1378
1870
1333
1795
3064
388
1316
2804
1265
1736
1498
2962
1050
2768
2292
535
586
1602
1945
873
1543
1358
2412
947
479
1948
1464
2184
2903
2568
1354
2070
1160
1323
2536
624
2785
2214
2707
6
2815
949
470
1631
2900
384
1017
1229
1360
2153
2002
1275
851
420
83
532
773
2429
1476
886
1693
3009
25
2636
797
2373
2608
557
1129
2678
316
483
764
19
108
2413
2654
2649
2023
2397
2696
1202
1137
2103
2366
1826
1495
1951
2313
1397
889
568
2527
1032
472
2769
120
2285
2579
164
2814
1
1640
1575
2377
1508
235
1418
1911
146
682
1715
1954
2688
2648
670
905
2502
1618
231
676
1604
434
1093
2367
1922
2757
2836
