2237
191
3878
1557
2958
1435
3578
321
432
318
1356
4567
882
3275
3196
2382
2157
3920
4606
45
2171
2879
2403
2391
166
1649
2789
4917
3628
4768
1708
664
2407
766
4744
3059
2945
1726
2221
253
3378
4257
1969
4645
174
2555
309
2106
3477
2104
223
1618
1427
4353
3093
615
1122
4692
1911
3729
2615
100
3276
2282
792
4970
4789
3542
4075
2381
2910
2874
452
1906
3662
3474
1786
2717
4709
1520
4416
2830
4139
4292
4047
5175
1551
2696
254
3680
1209
4355
2461
4849
3519
804
2611
3006
1261
3917
1577
1022
820
3449
1293
2200
2218
61
2985
4834
3547
4938
2178
3431
1675
3420
220
71
2983
5051
1847
4869
993
4341
2598
1402
209
3577
3110
4188
4391
2896
1368
5063
771
3239
4162
1539
424
852
2360
875
1915
3156
3458
509
120
2737
288
1472
3811
3690
1019
66
2366
2139
2530
862
260
2217
1188
4398
4194
2588
3379
4861
3964
3973
202
2064
2081
2301
2224
1061
2861
4631
337
943
4783
2482
2394
625
1589
1388
5089
747
4585
813
1031
3223
2375
3873
3590
338
4765
2493
5064
3230
4921
355
1296
2471
3491
3178
3188
4731
1173
2439
808
4032
1754
1328
1164
4682
1175
3478
692
819
1610
4520
3932
2692
5039
1920
2529
32
797
1095
89
2553
1733
327
3236
4815
5070
3854
4298
5142
1276
2426
