2237
191
3878
1557
2958
1435
3578
321
432
318
1356
4567
882
3275
3196
2382
2157
3920
4606
45
2171
2879
2403
2391
166
1649
2789
4917
3628
4768
1708
664
2407
766
4744
3059
2945
1726
2221
253
3378
4257
1969
4645
174
2555
309
2106
3477
2104
223
1618
1427
4353
3093
615
1122
4692
1911
3729
2615
100
3276
2282
792
4970
4789
3542
4075
2381
2910
2874
452
1906
3662
3474
1786
2717
4709
1520
4416
2830
4139
4292
4047
5175
1551
254
3680
1209
4355
2461
4849
3519
804
2611
3006
1577
820
3449
1293
2200
4834
3547
2178
3431
1675
3420
220
5051
3110
5063
3239
3156
3458
509
2737
1472
2366
862
